{
  "advancedEditorSelectedIdentifier" : "ProjectBrowser",
  "openSceneRelativePaths" : [
    "PlayerFront.usda"
  ],
  "recentIdentifiers" : {

  },
  "sceneCameraHistory" : {
    "AA7BEA24-5F8F-43A2-BA9A-8E3857589472" : [
      {
        "date" : 741574153.324498,
        "title" : "Untitled",
        "transform" : [
          0.99999994,
          0,
          0,
          0,
          0,
          0.8660254,
          -0.49999994,
          0,
          0,
          0.49999994,
          0.8660254,
          0,
          -0.00028089908,
          0.019408379,
          0.028822457,
          1
        ]
      },
      {
        "date" : 728698124.416795,
        "title" : "Untitled",
        "transform" : [
          0.99999994,
          0,
          0,
          0,
          0,
          0.8660254,
          -0.49999994,
          0,
          0,
          0.49999994,
          0.8660254,
          0,
          -0.001062259,
          0.050562847,
          0.08375692,
          1
        ]
      },
      {
        "date" : 728698097.066345,
        "title" : "Untitled",
        "transform" : [
          0.99999994,
          0,
          0,
          0,
          0,
          0.8660254,
          -0.49999994,
          0,
          0,
          0.49999994,
          0.8660254,
          0,
          -0.00239468,
          0.12993236,
          0.19952926,
          1
        ]
      },
      {
        "date" : 728698094.316783,
        "title" : "Untitled",
        "transform" : [
          0.99999994,
          0,
          0,
          0,
          0,
          0.8660254,
          -0.49999994,
          0,
          0,
          0.49999994,
          0.8660254,
          0,
          0.006563071,
          0.10752629,
          0.2800969,
          1
        ]
      },
      {
        "date" : 728698058.084894,
        "title" : "Untitled",
        "transform" : [
          0.99999994,
          0,
          0,
          0,
          0,
          0.8660254,
          -0.49999994,
          0,
          0,
          0.49999994,
          0.8660254,
          0,
          0.006563071,
          0.2043531,
          0.2241939,
          1
        ]
      },
      {
        "date" : 728696655.210265,
        "title" : "Untitled",
        "transform" : [
          0.99999994,
          0,
          0,
          0,
          0,
          0.8660254,
          -0.49999994,
          0,
          0,
          0.49999994,
          0.8660254,
          0,
          0.01802237,
          0.54992115,
          0.5863973,
          1
        ]
      },
      {
        "date" : 728696651.318917,
        "title" : "Untitled",
        "transform" : [
          0.99999994,
          0,
          0,
          0,
          0,
          0.8660254,
          -0.49999994,
          0,
          0,
          0.49999994,
          0.8660254,
          0,
          -0.0295467,
          0.7346949,
          1.2343132,
          1
        ]
      },
      {
        "date" : 728696650.077195,
        "title" : "Untitled",
        "transform" : [
          0.99999994,
          0,
          0,
          0,
          0,
          0.8660254,
          -0.49999994,
          0,
          0,
          0.49999994,
          0.8660254,
          0,
          0.048981465,
          0.7913653,
          1.2015944,
          1
        ]
      },
      {
        "date" : 728696648.918479,
        "title" : "Untitled",
        "transform" : [
          0.99999994,
          0,
          0,
          0,
          0,
          0.8660254,
          -0.49999994,
          0,
          0,
          0.49999994,
          0.8660254,
          0,
          0.09100332,
          0.76225084,
          1.2184035,
          1
        ]
      },
      {
        "date" : 728696643.09356,
        "title" : "Untitled",
        "transform" : [
          0.99999994,
          0,
          0,
          0,
          0,
          0.8660254,
          -0.49999994,
          0,
          0,
          0.49999994,
          0.8660254,
          0,
          0.0017124105,
          0.118365586,
          0.19538091,
          1
        ]
      }
    ],
    "AF09ED6F-1707-48FD-8720-65B998362C09" : [
      {
        "date" : 728696401.808644,
        "title" : "Untitled",
        "transform" : [
          1,
          0,
          -0,
          0,
          -0,
          0.8660161,
          -0.50001615,
          0,
          0,
          0.50001615,
          0.8660161,
          0,
          0,
          68.69661,
          116.86869,
          1
        ]
      }
    ]
  },
  "selectedSceneRelativePath" : "PlayerFront.usda"
}